cache_size, cache_line_size, associativity, number_memory_accesses, read_count, read_misses, write_count, write_misses, eviction_count, number_memory_writes, 
16384, 32, 1, 2000000, 1251647, 46549, 748353, 27800, 74093, 61647, 8.71745,
16384, 64, 1, 2000000, 1251647, 46549, 748353, 27800, 74093, 61647, 8.71745,
16384, 128, 1, 2000000, 1251647, 53456, 748353, 31886, 85214, 69602, 9.2671,
16384, 256, 1, 2000000, 1251647, 75045, 748353, 45105, 120086, 93890, 11.0075,
16384, 32, 2, 2000000, 1251647, 34938, 748353, 20886, 55568, 48692, 7.7912,
16384, 64, 2, 2000000, 1251647, 34938, 748353, 20886, 55568, 48692, 7.7912,
16384, 128, 2, 2000000, 1251647, 37014, 748353, 21998, 58884, 51549, 7.9506,
16384, 256, 2, 2000000, 1251647, 52701, 748353, 31643, 84280, 71530, 9.2172,
16384, 32, 4, 2000000, 1251647, 23234, 748353, 13872, 36850, 33100, 6.8553,
16384, 64, 4, 2000000, 1251647, 23234, 748353, 13872, 36850, 33100, 6.8553,
16384, 128, 4, 2000000, 1251647, 20498, 748353, 12092, 32462, 29357, 6.6295,
16384, 256, 4, 2000000, 1251647, 22794, 748353, 13419, 36149, 32274, 6.81065,
16384, 32, 16, 2000000, 1251647, 21462, 748353, 12842, 34048, 30628, 6.7152,
16384, 64, 16, 2000000, 1251647, 21462, 748353, 12842, 34048, 30628, 6.7152,
16384, 128, 16, 2000000, 1251647, 17299, 748353, 10220, 27391, 24974, 6.37595,
16384, 256, 16, 2000000, 1251647, 17323, 748353, 10185, 27444, 24768, 6.3754,
65536, 32, 1, 2000000, 1251647, 24795, 748353, 14805, 38576, 34052, 6.98,
65536, 64, 1, 2000000, 1251647, 24795, 748353, 14805, 38576, 34052, 6.98,
65536, 128, 1, 2000000, 1251647, 22986, 748353, 13688, 36162, 31627, 6.8337,
65536, 256, 1, 2000000, 1251647, 24940, 748353, 14891, 39575, 33485, 6.99155,
65536, 32, 2, 2000000, 1251647, 20746, 748353, 12454, 32176, 29035, 6.66,
65536, 64, 2, 2000000, 1251647, 20746, 748353, 12454, 32176, 29035, 6.66,
65536, 128, 2, 2000000, 1251647, 15479, 748353, 9204, 24171, 22252, 6.23415,
65536, 256, 2, 2000000, 1251647, 12976, 748353, 7656, 20376, 18642, 6.0316,
65536, 32, 4, 2000000, 1251647, 20195, 748353, 12117, 31288, 28261, 6.6156,
65536, 64, 4, 2000000, 1251647, 20195, 748353, 12117, 31288, 28261, 6.6156,
65536, 128, 4, 2000000, 1251647, 14428, 748353, 8573, 22489, 20754, 6.15005,
65536, 256, 4, 2000000, 1251647, 10795, 748353, 6323, 16862, 15561, 5.8559,
65536, 32, 16, 2000000, 1251647, 20093, 748353, 12052, 31121, 28114, 6.60725,
65536, 64, 16, 2000000, 1251647, 20093, 748353, 12052, 31121, 28114, 6.60725,
65536, 128, 16, 2000000, 1251647, 14274, 748353, 8471, 22233, 20519, 6.13725,
65536, 256, 16, 2000000, 1251647, 10325, 748353, 6049, 16118, 14873, 5.8187,
262144, 32, 1, 2000000, 1251647, 21010, 748353, 12581, 29495, 26450, 6.67955,
262144, 64, 1, 2000000, 1251647, 21010, 748353, 12581, 29495, 26450, 6.67955,
262144, 128, 1, 2000000, 1251647, 16039, 748353, 9506, 23497, 21323, 6.27725,
262144, 256, 1, 2000000, 1251647, 13007, 748353, 7669, 19652, 17604, 6.0338,
262144, 32, 2, 2000000, 1251647, 20015, 748353, 12014, 27933, 25190, 6.60145,
262144, 64, 2, 2000000, 1251647, 20015, 748353, 12014, 27933, 25190, 6.60145,
262144, 128, 2, 2000000, 1251647, 14094, 748353, 8382, 20428, 18859, 6.1238,
262144, 256, 2, 2000000, 1251647, 10059, 748353, 5912, 14947, 13840, 5.79855,
262144, 32, 4, 2000000, 1251647, 19989, 748353, 11996, 27889, 25168, 6.59925,
262144, 64, 4, 2000000, 1251647, 19989, 748353, 11996, 27889, 25168, 6.59925,
262144, 128, 4, 2000000, 1251647, 14036, 748353, 8338, 20326, 18772, 6.1187,
262144, 256, 4, 2000000, 1251647, 9921, 748353, 5824, 14721, 13634, 5.78725,
262144, 32, 16, 2000000, 1251647, 19984, 748353, 11993, 27881, 25174, 6.59885,
262144, 64, 16, 2000000, 1251647, 19984, 748353, 11993, 27881, 25174, 6.59885,
262144, 128, 16, 2000000, 1251647, 14028, 748353, 8332, 20312, 18759, 6.118,
262144, 256, 16, 2000000, 1251647, 9907, 748353, 5810, 14693, 13613, 5.78585,
16384, 32, 8, 2000000, 1251647, 22194, 748353, 13251, 35189, 31640, 6.77225,
16384, 64, 8, 2000000, 1251647, 22194, 748353, 13251, 35189, 31640, 6.77225,
16384, 128, 8, 2000000, 1251647, 18803, 748353, 11212, 29887, 27240, 6.50075,
16384, 256, 8, 2000000, 1251647, 20159, 748353, 11825, 31920, 28673, 6.5992,
65536, 32, 8, 2000000, 1251647, 20104, 748353, 12062, 31142, 28135, 6.6083,
65536, 64, 8, 2000000, 1251647, 20104, 748353, 12062, 31142, 28135, 6.6083,
65536, 128, 8, 2000000, 1251647, 14296, 748353, 8486, 22270, 20553, 6.1391,
65536, 256, 8, 2000000, 1251647, 10488, 748353, 6120, 16352, 15081, 5.8304,
262144, 32, 8, 2000000, 1251647, 19986, 748353, 11994, 27884, 25167, 6.599,
262144, 64, 8, 2000000, 1251647, 19986, 748353, 11994, 27884, 25167, 6.599,
262144, 128, 8, 2000000, 1251647, 14029, 748353, 8336, 20317, 18770, 6.11825,
262144, 256, 8, 2000000, 1251647, 9904, 748353, 5820, 14700, 13617, 5.7862,
